0.000000000000000000e+00
0.000000000000000000e+00
0.000000000000000000e+00
0.000000000000000000e+00
0.000000000000000000e+00
0.000000000000000000e+00
0.000000000000000000e+00
0.000000000000000000e+00
-8.722954371478408575e-04
2.392803085967898369e-03
1.651311817113310099e-03
-6.986366352066397667e-03
-3.329803934320807457e-03
3.308815299533307552e-03
3.205177490599453449e-03
2.800687681883573532e-03
-1.603855460416525602e-03
2.234999701613560319e-04
-6.230388302356004715e-03
-2.493017585948109627e-03
3.142937785014510155e-04
-1.552438829094171524e-02
1.522497215773910284e-03
2.500269678421318531e-03
1.675757346674799919e-03
1.771973984432406723e-04
3.390616970136761665e-03
-9.768450865522027016e-03
4.242657741997390985e-04
-6.004315024862686432e-04
2.925276135404904828e-03
-2.505245249873647943e-03
-5.957260184610883684e-03
9.963546957199771476e-04
8.694518182892352343e-04
1.758431084454059601e-03
-1.735615660436451435e-05
-1.407052031330143340e-03
1.251885657741998560e-03
2.754415346619983659e-03
-2.568710692382107034e-03
3.213973638291160121e-03
-1.411461465371151856e-04
-2.286711494283129916e-03
-4.067655594553798437e-03
1.924028290280451305e-03
-3.271507021660605922e-03
-8.397263785203298511e-03
-2.865225503531595216e-03
-3.001517960607694938e-03
3.485299637153123960e-03
-3.438364714384078979e-03
-4.980669124051928520e-03
-3.955081997749705820e-03
1.416408388953035004e-03
2.521004663625111327e-03
2.742108539678156376e-03
-1.065822415209064953e-03
-2.001817376973728194e-03
3.960461826257717817e-03
3.706897885422222316e-03
2.274254943282964184e-03
-3.133619466098025441e-04
1.479761534331676788e-03
7.607577135786414146e-04
-2.022130720433779061e-04
2.547058262280188501e-03
4.000182714662514627e-03
3.503164916764944792e-03
-4.899419669527560472e-03
-2.706992279854603112e-03
-4.915106255793944001e-04
-5.656046057993080467e-03
-4.185984886134974658e-03
-2.665463704033754766e-03
1.055666798492893577e-03
2.165037003578618169e-04
1.736765785608440638e-03
-2.649680362083017826e-03
2.192775089497445151e-03
-1.207638899359153584e-03
-1.078250643331557512e-03
9.853446535998955369e-04
4.872988538409117609e-04
-5.070090963272377849e-03
-1.051476059365086257e-02
2.773391242953948677e-03
-6.571663448994513601e-03
2.538684959290549159e-03
3.653284111351240426e-03
-1.012832450214773417e-03
1.306561607634648681e-04
2.015744104937766679e-03
-5.953155237875762396e-03
1.034422068187268451e-03
1.331365550868213177e-03
3.166139940731227398e-03
2.005620108320727013e-03
1.245312916580587626e-03
-1.653991942293941931e-03
-5.961669026874006011e-04
2.959428442409261844e-04
-4.730455024400725744e-04
-3.772410959936678236e-03
-3.844614233821630565e-03
1.404170179739594460e-03
-8.599289238918571970e-03
-4.791693252627737820e-03
2.223610773216933185e-03
3.117032407317310572e-03
1.586774620227515611e-03
-3.921907543553970581e-03
1.693672841065563348e-03
-8.185599232092499950e-04
-6.226793583482504064e-03
-1.055233985243830786e-03
2.067989984061568889e-03
-6.883011300427217469e-03
9.740029849732914765e-04
2.575625452057772515e-05
-2.107724469775954738e-03
-3.141639084788039760e-03
3.336614657503860827e-04
3.110947528815207527e-03
2.543070469982922077e-03
2.746128743941274927e-03
7.386392680928111076e-04
3.307026919736970414e-03
