0.000000000000000000e+00
0.000000000000000000e+00
0.000000000000000000e+00
0.000000000000000000e+00
0.000000000000000000e+00
0.000000000000000000e+00
0.000000000000000000e+00
0.000000000000000000e+00
0.000000000000000000e+00
8.634905389044433832e-04
-1.170153613202273846e-03
7.120291411411017179e-04
2.731686457991600037e-03
3.508124500513076782e-03
2.604097709991037846e-03
-2.367262844927608967e-03
-8.190789492800831795e-03
-3.165541100315749645e-03
1.748592010699212551e-03
1.952973543666303158e-03
3.209991147741675377e-03
1.650048070587217808e-03
3.353520296514034271e-04
1.243596780113875866e-03
3.234474686905741692e-03
3.985910909250378609e-03
2.929478185251355171e-03
-1.001630490645766258e-02
1.909734448418021202e-03
7.000180485192686319e-04
-1.610602997243404388e-02
1.292711996939033270e-03
-4.690505884354934096e-04
2.163493423722684383e-03
-9.869821369647979736e-04
2.095487434417009354e-03
2.586034825071692467e-03
2.907654192919532313e-03
-3.502845764160156250e-03
1.496328817059596470e-04
1.934999328417082555e-03
1.530083362013101578e-03
-4.133483006929357557e-03
6.174163427203893661e-04
-1.956162663797537341e-03
6.427456391975283623e-04
5.310614360496401787e-04
3.100724755010257020e-03
1.930252852616831660e-03
1.714496058411896229e-03
1.092638820409774780e-03
1.069892809027805924e-03
8.103420453456541264e-04
3.621727422190209049e-04
-3.446293994784355164e-04
1.656872977036982775e-03
5.422438300835589857e-03
4.314865373695890398e-03
-5.010830160851279533e-04
3.949886265521247893e-03
1.636829906298468583e-03
2.508889728536208615e-03
1.696754790221651323e-03
8.191211478939900434e-04
3.226535239567359108e-04
-1.216128672240301967e-03
-2.502896163302163138e-03
3.375239243420461669e-03
1.893444685265421867e-03
-1.364839981154849060e-03
-5.463367754903932123e-03
-1.474653758729497664e-03
2.917315238543475523e-03
3.775556571781635284e-03
2.957176029061277852e-03
4.129140366179247408e-03
4.895808524452149868e-03
4.509818662578861208e-03
2.251233371983592853e-03
2.333107598436375604e-03
3.618023542609686508e-03
4.340133823764820604e-03
4.323999824312825709e-03
3.313069697469472885e-03
1.590307530326147802e-03
-2.502319402992725372e-03
7.606203434988856316e-04
3.363867639563977718e-03
4.152364136340717764e-03
3.845356657014538989e-03
3.140948014333844185e-03
1.037138475415607221e-03
3.367475311582287297e-03
-3.481910534901544452e-03
2.312564465682953596e-04
2.180399445933289826e-03
1.795804615539964288e-03
5.964405136182904243e-04
-3.319244060548953712e-04
1.331403494987171143e-03
3.173176060954574496e-03
3.971965168602764606e-03
3.847182248136959970e-03
3.855028655380010605e-03
2.934166113846004009e-03
1.452142576454207301e-03
-1.386414602166041732e-03
-6.822701339842751622e-03
-1.064369702362455428e-03
2.777102432446554303e-03
4.361368490208406001e-03
4.264686082024127245e-03
3.605632104154210538e-03
4.515294713201001287e-03
4.177049064310267568e-03
4.597938852384686470e-03
2.481269591953605413e-03
-3.088359953835606575e-04
2.767771948128938675e-04
3.058057394810020924e-03
4.788533828104846179e-03
5.162551853572949767e-03
4.624015069566667080e-03
4.179398471023887396e-03
1.808837812859565020e-03
4.300675296690315008e-03
3.681117697851732373e-03
4.880477965343743563e-03
-5.412616388639435172e-03
8.149102213792502880e-04
3.081161601585336030e-03
2.777981419058050960e-03
-1.021321104053640738e-02
-5.530481139430776238e-04
2.645058943016920239e-03
-6.835691132437204942e-03
3.963183153246063739e-04
-1.682644611719297245e-03
-3.318255185149610043e-04
3.669080702820792794e-03
2.667703731276560575e-03
4.130048037040978670e-04
3.622676493250764906e-03
3.388261367945233360e-03
3.508412541123107076e-03
2.594742574729025364e-03
3.941422823118045926e-03
4.482421209104359150e-03
-2.104854511950786204e-03
2.925359741008529916e-03
1.086766729713417590e-03
-4.276704101357609034e-03
2.264895990568523750e-03
3.171047009042619706e-03
4.036076788906939328e-03
1.075499070187407912e-05
3.153470660132976725e-03
4.582006930528829784e-03
5.821542872581630945e-03
1.539357181172817945e-04
3.596808353904635148e-03
4.195677203824743629e-03
3.820365323917940259e-03
6.997482851147651130e-05
-4.700787388719618667e-03
-4.482078587170690125e-03
9.206713875755667686e-04
4.243962652981281454e-03
4.922717041335999792e-03
4.910088586620986115e-03
1.460157125256955537e-03
2.418429101817309943e-03
2.377921203151345426e-03
2.262565691489726392e-03
4.391724918968975197e-03
4.956706706434488123e-03
3.556022746488452044e-03
2.757464931346475905e-03
-7.724598981440067291e-05
1.961794681847095490e-03
4.958737222477793520e-03
-6.073164654662832444e-03
4.073978104861453522e-03
2.811511798063293013e-03
-1.362153296358883416e-02
-3.420050407294184056e-03
8.216515125241130590e-04
2.372649530298076397e-03
4.522138438187539404e-03
-4.593837074935436249e-04
3.752660949248820717e-03
3.367198401247151023e-03
3.599848854355513963e-03
2.879821757475534844e-03
3.175320344356199510e-03
2.786657609976828272e-03
2.129364122326175574e-03
5.106040664638082042e-04
2.977528327998395057e-03
-2.035224554128944961e-03
4.237291977430383827e-03
2.383432853578900702e-03
-4.864646005444227131e-04
8.702659203360477722e-04
2.242179335250209064e-03
2.100153748566905947e-03
4.228664135249951897e-03
-4.211521397034321271e-05
3.141135916424294718e-03
3.598796250298619097e-03
4.481489975781490290e-03
1.638087296547989166e-03
4.162072081817314376e-03
2.134749982117985917e-03
2.274591999594122171e-03
2.110883954446762974e-03
3.740203528044124155e-03
3.783849184401333332e-03
4.277700651437043797e-03
2.701461538284396276e-03
1.604259889669871651e-03
4.068058396417957752e-03
2.942605467978864908e-03
1.722884422633796930e-03
3.777930435414115443e-03
4.175619901313136310e-03
4.019208197456060859e-03
8.458747656226881179e-04
1.687949630043780172e-03
2.845427706941134737e-03
4.008869954203772394e-03
4.148248699493706226e-03
2.401258680038157107e-04
2.938728883034658065e-05
2.437698046883775369e-03
1.724053297140118414e-03
3.556085265396783605e-03
8.656958040470880090e-04
5.028265929366979720e-03
2.719320655968558015e-03
2.536329115779759839e-03
2.173875933901096239e-03
3.843550576776679634e-03
4.014415239604811163e-03
4.102638326003216207e-03
2.777402798528783023e-03
3.252423145265007868e-03
3.342480790923305252e-03
2.093494887785276714e-03
2.340046349369610638e-03
-7.582463786959469602e-04
2.730627871295880724e-03
5.082424533265155440e-03
4.361189433395685350e-03
1.634583988648262865e-03
8.510425570420920849e-03
