-3.491276402201037854e-06
-3.450097829045261917e-05
-3.561224148143082993e-05
-1.689579839876387268e-04
-2.328102746105287224e-04
-2.088266795908566619e-04
-2.421427605440840234e-04
-4.342367974459193647e-04
-2.965344989206642129e-04
-1.395162093103863353e-04
-3.927473571820883080e-04
-1.331466046394780278e-04
-3.409959987038746693e-04
-4.584621376125141870e-04
-7.947057369165122292e-04
-9.895146853523329768e-04
-1.549438253277912736e-03
-1.314681669464334932e-03
-3.633794898632913611e-04
-4.063454573042690646e-04
-8.446181833278388002e-04
-2.107966900803148833e-03
-2.046777386567555368e-03
-1.353310601552948442e-03
-4.755146568641066334e-04
-2.815546491183340463e-03
-9.201242355629801750e-04
-1.869120530318468766e-03
-1.642751338658854452e-03
-1.289395097410306421e-03
-4.133319482207298170e-04
-7.945852499688044407e-04
-4.584704973967746074e-03
-2.733558334875851956e-03
-1.749877230031415733e-03
-2.797176735475659284e-03
4.898614715784788132e-04
-4.844781290739774531e-03
