-4.716378407465527173e-06
1.919243704833206653e-05
2.593972221802687205e-05
1.025748047140950870e-05
3.485521483526099389e-06
7.272426955751143819e-07
3.075710628763772632e-06
-8.177629752026405185e-06
-1.995181282836710966e-05
-7.576736243208869953e-06
-7.886713392508681592e-05
-7.767942224745638669e-05
-8.914899844967295026e-05
7.370225212071091208e-05
-1.710525542875984738e-04
-2.447763108648359776e-06
-1.053891915944404846e-04
-9.624767189961858636e-05
-3.742136395885608819e-05
-5.200181476539000869e-05
-1.315830289968289489e-04
-9.573460483807139370e-05
