-7.838024021111778661e-06
3.761415246117394248e-06
-3.578248015401186422e-05
4.969389374309685420e-06
-1.336623754468746449e-05
1.197829769807867672e-05
-2.154633784812176600e-05
-5.677116539573035106e-05
2.833224934875033931e-05
-3.831242865999228981e-05
-4.189744613540824774e-05
-6.148184693302027339e-05
7.820323589839972827e-05
-3.623521770350635323e-05
7.091891347954515368e-05
6.138772041595075822e-05
-4.261827634763903780e-05
-1.061085822584573179e-04
1.078848526958609000e-04
-1.205586053401930312e-04
4.424705884957802753e-05
