-2.741403295658528635e-06
7.157190248108236458e-06
-5.169179348740726540e-06
-6.322457920759916306e-06
-2.651900431374088065e-05
-4.970703157596290383e-05
-4.482580698095261712e-06
-9.443399176234378733e-06
-5.063702628831379387e-05
2.583094465080648576e-06
-2.624679327709600194e-05
-4.351800962467678027e-05
-9.007527296489570290e-05
2.393676550127566030e-06
1.732799646561034159e-05
2.574613245087675750e-05
-1.472323237976524979e-04
-5.994357925374060734e-05
4.264510062057524920e-05
-2.421115277684293687e-05
6.969814676267560300e-05
