0.000000000000000000e+00
0.000000000000000000e+00
0.000000000000000000e+00
0.000000000000000000e+00
0.000000000000000000e+00
0.000000000000000000e+00
1.917724512168206275e-04
8.870322490110993385e-04
9.633911540731787682e-04
1.703691028524190187e-03
1.729700074065476656e-03
-1.142305205576121807e-03
4.696368472650647163e-03
4.353464115411043167e-03
-5.999964894726872444e-03
1.442851498723030090e-03
7.272962247952818871e-04
2.720620715990662575e-03
-1.291400054469704628e-03
1.143486937507987022e-03
-7.933421438792720437e-04
1.378471490170340985e-03
2.846921095624566078e-03
2.112492477560105279e-03
2.988878598747154221e-03
3.491754216762880340e-03
2.073464769637212157e-03
3.239519370254129171e-03
3.866432787617668509e-03
4.754831403261050582e-03
3.418574342504143715e-04
3.009470016695559198e-03
