-5.135370884090662003e-07
-9.039425458468031477e-06
-1.523450505374057616e-05
-2.046116242127027447e-06
4.467050785024184463e-05
-3.641697321654646657e-05
2.289117601321777261e-05
-5.650470120599493384e-05
-2.232628648926038431e-05
-3.217575313101406480e-05
9.455322615394833887e-05
-3.536185395205393569e-05
2.563929956522770226e-05
-9.662379743531346050e-05
4.278518390492536399e-05
1.172087650047615170e-06
1.741896485327742858e-05
1.969209042727015777e-05
3.251889775128802556e-05
1.172329757537227082e-06
-8.507585826009745320e-05
