0.000000000000000000e+00
0.000000000000000000e+00
0.000000000000000000e+00
0.000000000000000000e+00
0.000000000000000000e+00
0.000000000000000000e+00
0.000000000000000000e+00
3.740438987733796239e-04
3.579206531867384911e-05
-1.599475217517465353e-04
-9.612632915377616882e-03
-7.167869014665484428e-03
2.559349639341235161e-03
-3.581872209906578064e-03
-1.132189668715000153e-02
-6.234891247004270554e-03
7.144534902181476355e-05
-3.043487202376127243e-03
-4.014747682958841324e-03
4.179896786808967590e-03
9.617906180210411549e-04
-1.775383716449141502e-03
-4.842283592248956652e-03
-4.577898187562823296e-03
-3.153005139514183149e-03
-7.454213531066974366e-04
-2.023791777901351452e-03
-9.241551063799610102e-04
-2.391662332229316235e-03
-4.328466117537270279e-03
-2.091854393559818611e-03
-8.308266425350060644e-03
1.117611400938282483e-03
-3.945252072298899293e-03
-1.166934877013166803e-02
-4.769678722368553281e-03
-9.754486745805479586e-03
-5.402290184671680422e-03
-2.211030398029834032e-03
-9.305258824800452175e-03
-3.722072734187046542e-03
-7.735681720077991486e-05
-2.069375586870592088e-03
-1.675563424214487895e-03
-7.298716009245254099e-03
-4.307431059714872390e-03
-1.597304281312972307e-02
-8.083288801572052762e-03
-2.024498215178027749e-03
-1.522803875559475273e-03
-7.890659850090742111e-03
-1.087386632570996881e-02
-3.743822337128221989e-03
-1.175733900163322687e-02
-1.036835751801845618e-02
-4.740962267533177510e-03
-1.039012189721688628e-03
-8.375741704367101886e-03
-1.542990340385585980e-03
-5.924478365341201251e-03
-8.701714966446161964e-03
-4.317290987819433559e-03
1.172894844785332680e-04
-8.949749273597264534e-03
