5.971006612526253035e-06
2.075882275676122105e-06
-2.409454791632015394e-05
7.710184945608489215e-06
2.192802057834342258e-05
-6.813418804085813632e-06
3.181158535880967805e-06
-2.189299029851099341e-05
-5.012586771044880016e-05
-2.828780907293548808e-05
-9.627239342080428858e-06
-8.567449731344822794e-05
-1.653144950978457873e-04
-1.482155112171312794e-04
-1.091039026505313759e-04
-6.174045993248000199e-05
-2.872909157304093025e-04
-1.409962278557941318e-04
-3.245510713895782937e-04
-3.759400504350196679e-04
-1.728373026708140969e-04
-5.454015423310920813e-04
-4.664870939450338483e-04
-3.805861197179183228e-05
-6.876617124362382604e-04
-2.452821470797062029e-04
-3.599667456001043103e-04
-1.892025466077029705e-04
-4.983242281014100151e-04
-4.005016788141802062e-04
-1.297022163635119883e-03
-5.383486975915729566e-04
-8.531026425771415667e-04
-7.633153523784131029e-04
-2.342343411874025973e-03
5.795764765935019092e-04
1.862791599705815369e-04
-1.230447701527737124e-03
-7.826937478967010541e-04
-8.144833031110465310e-04
5.424790258985012336e-04
-1.228679984342306766e-03
-6.035332509782165723e-04
6.732578505761921839e-04
-1.992501260247081572e-04
-6.069530500099063055e-05
-1.924923888873308984e-03
-2.347629133146256122e-03
-2.997137742931954649e-03
-1.344943884760141373e-04
-1.646168844308704051e-03
-9.063705103471875624e-04
3.569421678548678756e-04
-1.328822737559676214e-03
-1.484343415359035091e-03
-9.883857273962348700e-04
-8.482053759507835128e-04
-7.269915076903998852e-04
5.784436827525496917e-04
6.768202641978859685e-04
-1.324048463720828208e-03
8.927377639338374409e-05
-1.536675926763564261e-03
-1.593021186999976722e-03
7.027741230558604002e-05
-2.371662307996303017e-03
-1.908538100542500528e-03
-2.721794205717742356e-03
-1.241353689692914486e-03
-1.391535121365450409e-03
-3.236729535274207728e-05
4.538202891126275171e-04
-1.097426575142890215e-03
4.280713183106854829e-05
-5.672574392519891045e-04
-2.380426757736131375e-03
-4.561571287922561060e-04
2.672051661647856127e-04
-5.674772459315135858e-04
-1.160086377058178143e-03
-7.164712878875434670e-05
5.021007265895605521e-04
-1.213900168659165588e-03
-1.422059698961675254e-03
-1.460785884410142812e-03
-7.812570547685026580e-05
-6.697742734104395130e-04
-2.107587456703185862e-03
8.298435364849865653e-04
4.785367869772017219e-04
-2.448379388079047290e-03
