0.000000000000000000e+00
0.000000000000000000e+00
0.000000000000000000e+00
0.000000000000000000e+00
0.000000000000000000e+00
0.000000000000000000e+00
-3.259697935731962204e-01
-3.203317870088030483e-01
-3.332045465391955119e-01
-3.174763564135971716e-01
-3.202394809043321300e-01
-3.244449215732077008e-01
-3.180235694294455406e-01
-3.275770048585454619e-01
-3.286912291378850104e-01
-3.181954984185018653e-01
-3.297836891404595239e-01
-3.220057190030161665e-01
-3.209622426694296871e-01
-3.234463825676446858e-01
-5.408790976677103624e-01
-5.370043142859581842e-01
-5.405268212235032621e-01
-6.450710271720897504e-01
-6.457488314365881221e-01
-6.561828263495408375e-01
-6.414083234655065802e-01
-6.553977425006051183e-01
-6.459094259179614106e-01
-6.398687926480004506e-01
-6.470330275206228610e-01
-6.392180393639393943e-01
