0.000000000000000000e+00
0.000000000000000000e+00
0.000000000000000000e+00
0.000000000000000000e+00
0.000000000000000000e+00
0.000000000000000000e+00
-2.359777223318815231e-03
-3.620737697929143906e-04
-1.315964153036475182e-02
3.678099601529538631e-04
1.140131935244426131e-04
2.935606316896155477e-04
-7.028187625110149384e-03
-9.664290701039135456e-05
-1.597395725548267365e-02
9.956523354048840702e-05
2.277340245200321078e-04
-2.243577866465784609e-03
-7.454259090688235105e-03
-3.821604967621775820e-03
-6.740827913745306432e-03
-7.914893309740970171e-04
-1.719764148826167681e-03
-1.090134410333121195e-02
-1.080697815147383702e-02
-1.696485522552393377e-02
-3.667228711492498405e-04
-1.865482871653512120e-02
-1.255717557069147006e-02
-3.146336535792215727e-03
5.343092198017984629e-05
-3.208845279004890689e-04
