-1.311484847974497859e-05
3.381921742402482507e-05
-1.882646938611287581e-06
-1.289407882723025944e-05
-2.503196174075128511e-05
2.059804774035001004e-06
-4.343074360804166780e-05
-1.237344004039186917e-05
3.204834501957520843e-05
8.315825907629914311e-05
2.499994316167430884e-05
5.945725570200011473e-06
-3.806912354775704359e-06
-1.053269625117536634e-05
-6.270931226026732305e-06
2.762161821010522409e-05
5.311946642905240540e-06
-3.976802672696066749e-05
-2.901016268879175118e-05
2.245756713818991489e-05
-3.010684031323762611e-05
1.687432577455183356e-05
-4.829325735045131296e-05
-3.017629423993639512e-05
1.433977449778467485e-05
-2.794931606331374327e-06
-4.140091186854988337e-05
-5.797353442176245424e-05
3.124430077150464058e-05
7.373560110863763568e-05
-7.326315644604620135e-05
-6.508733567898162251e-05
6.057147038518451154e-05
-9.116315777646377683e-05
-1.834631184465251795e-05
