-4.520705988397821615e-06
1.021336465782951496e-05
-1.903316933749010871e-06
1.787379351299023323e-05
-1.768195179465692626e-05
1.126742718042805723e-05
6.163087618915596977e-06
2.522789873182773421e-06
-6.612877768930047539e-07
2.725075009948341311e-05
7.324847103973297635e-06
-6.213274173205718568e-06
-2.154435433112667078e-05
2.818159555317834189e-06
4.657529007090488279e-06
-3.111518508376320553e-05
-3.093393170274794237e-05
-4.569029988488182425e-05
-1.192041509057162330e-05
-5.674560743500478837e-05
-1.413337107806000913e-04
-2.474937355145812035e-04
