0.000000000000000000e+00
0.000000000000000000e+00
0.000000000000000000e+00
0.000000000000000000e+00
0.000000000000000000e+00
0.000000000000000000e+00
4.590814071797306994e-02
2.831669930792148418e-02
-2.569617947289879953e-03
2.943533516055965929e-02
1.456269455971063997e-02
3.207960149863872679e-02
5.623442221323485257e-02
5.161527906160970347e-02
-5.129607641929974024e-03
2.770257593080739655e-02
2.823568039885625269e-02
9.961942229400921542e-03
2.896768509806122924e-02
-9.106619333489203091e-03
7.607074706378852413e-02
5.030695618020297744e-02
2.170355909009370754e-02
5.435658803812080248e-02
2.992202661970283506e-02
1.016254237722030891e-02
1.985991715179764860e-02
2.117480499126852753e-02
3.514417385265748706e-02
4.339004046285890870e-02
1.807879424167237181e-02
1.334474643371538413e-02
