1.008133986033499275e-05
4.001134584541432559e-06
-3.246633423259481957e-06
1.189977374451700564e-05
1.755457442413899048e-05
-1.273105033305910268e-06
-1.181587231258163144e-06
3.220806047465885227e-06
-1.385732321068644566e-06
-1.377941589453257620e-05
-1.639708880247781121e-05
-3.470652300165966289e-05
2.562046429375186427e-05
1.442220527678728138e-05
1.657019838603446328e-05
4.745355145132634924e-05
-1.599750030436553197e-05
-3.472459320619236593e-06
-3.170196978317107870e-05
-5.147262709215283563e-06
-4.267152235115645453e-05
-3.556561350706033544e-05
-5.174238685867749155e-05
-1.880604177131317556e-04
-3.482508545857854052e-05
-1.831388261052779962e-04
-4.541108355624601109e-05
2.747078178799711168e-05
-1.133866608142852783e-04
4.531901504378765821e-05
1.353896514046937193e-05
8.039647036639507860e-05
-5.763696535723284022e-05
