-3.701417408592533049e-05
-6.766391707060392404e-05
4.654063523048535125e-05
-2.667432454472873360e-05
-7.137510474422014708e-05
7.579688062833155895e-05
-1.400736975483596217e-04
3.860225479002110491e-06
-8.582419177400879291e-05
-1.010857309665880112e-04
-1.009015089948661680e-04
-7.999827503226696903e-05
-5.416948442871216685e-05
-3.988943644799292359e-05
7.155866769608110460e-05
-3.399081178940832344e-05
-1.870518084615469033e-04
-4.164263823440706163e-05
-1.236266878549940993e-04
-5.026152939535677094e-06
1.304800563957542073e-04
