-2.434197158436290988e-05
-3.799125515797640857e-05
-4.024652262160089002e-05
-4.068058187840506163e-05
-4.607241044141119346e-05
-9.020507350214757296e-05
-8.314801816595717994e-05
2.504080475773662329e-05
-7.115540502127260241e-05
-8.734217408346012235e-05
-5.979141133138909936e-05
8.505271252943203395e-05
-1.741809081067913320e-04
-2.937372380984015871e-04
-7.199469691840932315e-05
-2.586109287221915911e-04
-3.097097480349475409e-04
-5.685091062332503064e-04
-1.965838571777567376e-04
-1.432067743735387867e-04
-3.452685807133093368e-04
