0.000000000000000000e+00
0.000000000000000000e+00
0.000000000000000000e+00
0.000000000000000000e+00
0.000000000000000000e+00
0.000000000000000000e+00
0.000000000000000000e+00
0.000000000000000000e+00
-3.415951671842858972e-01
-3.482675383186528695e-01
-3.379911568957304491e-01
-3.364557204921243549e-01
-3.291272618646405856e-01
-3.329439995815469122e-01
-3.409405973615055596e-01
-3.315836557421169561e-01
-3.300117676330542316e-01
-3.257361863083622078e-01
-3.408102791295728462e-01
-3.302655479541491967e-01
-3.369226760496110140e-01
-3.228648336724868062e-01
-3.334328854461340308e-01
-3.441353642710884286e-01
-3.273166833426808808e-01
-3.396953890316395386e-01
-3.308773450713842212e-01
-3.315564425512109725e-01
-3.310668661996647444e-01
-3.417714494375616030e-01
-3.373600758000701028e-01
-3.386704352041158272e-01
-3.332221502239638977e-01
-3.334795235923055934e-01
-3.405052804877066741e-01
-3.359713441535663869e-01
-4.476557407237690689e-01
-4.416875178927526790e-01
-6.703657622880409006e-01
-5.696526459797212061e-01
-5.681258746652614322e-01
-5.600642564007008994e-01
-5.630275391591043066e-01
-5.528962478939291048e-01
-6.687082121756358077e-01
-6.764153060851963994e-01
-6.637163257659658422e-01
-6.634917688406232195e-01
-6.525267057208835597e-01
-5.619597962886607734e-01
-5.697149030096673172e-01
-5.652223046824375041e-01
-5.565466753334822325e-01
-5.518629111470223503e-01
-6.683497385514560740e-01
-6.761828740972087859e-01
-6.713604483734281203e-01
-6.657085900847866666e-01
-6.591406303770316333e-01
-6.706003029431042428e-01
-6.647159790491817821e-01
-6.677727666031434417e-01
-6.577946530462842611e-01
-6.558341548645630903e-01
-3.371499249624181349e-01
-5.941843412033169791e-01
-6.768674850904470297e-01
-6.811094389359794166e-01
-6.680959772762810056e-01
-5.907169929558646615e-01
-6.690056630360041723e-01
-6.700626524420715269e-01
-6.641184529576887874e-01
-6.733871725114859430e-01
-6.682684008527184361e-01
-6.683461419083864818e-01
-6.742416582521052471e-01
-6.612669674498904415e-01
-6.602713728049688369e-01
-5.809304630693944427e-01
-6.714080391158188110e-01
-6.770186564174753840e-01
-6.640147358248260634e-01
-6.684100433520842044e-01
-6.713568143874806271e-01
-6.589329066654576739e-01
-6.693585272402878816e-01
-6.582996967406787858e-01
-6.634337314974241284e-01
-6.717933417606745117e-01
-6.736329478587494979e-01
-6.618467317019307572e-01
-6.723752645441031239e-01
-6.589671180019487373e-01
-6.659869143643266653e-01
-6.742497593928573618e-01
-6.570505641057577950e-01
-6.681373543031268181e-01
-6.599127544905851739e-01
-6.671067723217120049e-01
-6.672296035767354416e-01
-6.631876099227654864e-01
-6.629679697712849151e-01
-6.733732359372673892e-01
-6.583617476173619920e-01
-6.715428880563466540e-01
-6.642081919878720653e-01
-6.618448108601748814e-01
-6.706372648965850392e-01
-6.726224706932364406e-01
-6.666879138420821471e-01
-6.653794033858275725e-01
-6.694144530553456374e-01
-6.657193525978710724e-01
-6.618838333917878014e-01
-6.708892053500109531e-01
-6.658009775929246699e-01
-6.679225336427213611e-01
-6.631085626994139837e-01
-6.726834377161182710e-01
-6.725236585084065633e-01
-6.685092456292084373e-01
-6.650926825146820098e-01
-6.708838146852350581e-01
-6.690280266988515301e-01
-6.876823918134994384e-01
-7.756736017530984073e-01
-9.868623490719713454e-01
