0.000000000000000000e+00
0.000000000000000000e+00
0.000000000000000000e+00
0.000000000000000000e+00
0.000000000000000000e+00
0.000000000000000000e+00
0.000000000000000000e+00
0.000000000000000000e+00
5.245259962975978851e-04
1.319108705502003431e-04
-5.732406862080097198e-04
-4.592730896547436714e-03
-1.534626120701432228e-03
1.284102909266948700e-04
1.816102536395192146e-03
9.510588715784251690e-04
4.476832691580057144e-05
1.939859430422075093e-04
-8.356287144124507904e-03
-7.895246846601366997e-03
-3.592166351154446602e-03
1.402635767590254545e-03
-1.809495966881513596e-03
3.094920306466519833e-03
2.393379691056907177e-03
1.578355324454605579e-03
1.717978913802653551e-03
1.531376270577311516e-03
-3.958644811064004898e-05
-2.086515189148485661e-03
9.093690896406769753e-04
-2.651613744092173874e-03
-3.525677641543249145e-03
1.862664435369272955e-03
5.734495352953672409e-04
9.268035161464164293e-04
3.297952935099601746e-04
-1.081780414097011089e-03
-8.223287295550107956e-05
-1.413572210973749630e-03
8.206950636425366366e-04
-1.607463850329319708e-03
-1.171533726543809049e-03
-4.377147415652871132e-03
-4.753997432999312878e-03
-2.207557253617172584e-03
-2.979860243309909954e-03
-4.834452876821160316e-03
-6.505841369895885677e-03
-4.881495144218206406e-03
-2.860931640801330552e-03
-2.311078133061528206e-03
-5.410639976616948843e-03
-1.460931768330434868e-04
1.516338903456926346e-03
-1.272003602935001254e-03
-1.584541324215630763e-03
-3.109415585640817881e-03
-1.370555643613139698e-04
1.154800743582503177e-03
1.640168583738462306e-03
6.076485757754804826e-04
1.207032456780628539e-03
1.482229560982280649e-03
-6.162276622490026057e-04
-9.086224308703094721e-04
-2.971627691294997931e-05
4.333480173954740167e-04
1.893953085527755320e-04
-5.153223872184753418e-03
-3.141871391562744975e-03
-4.190495244984049350e-03
-6.743938080035150051e-03
-5.520996783161535859e-03
-8.154618757544085383e-03
-1.441802276531234384e-03
-2.286676754010841250e-03
-2.163720128010027111e-03
-8.488785533700138330e-04
2.969712941194302402e-03
-1.958086691956850700e-03
-4.362982443126384169e-03
-4.553328675683587790e-03
-2.535888761485693976e-04
-1.576194714289158583e-03
-1.565545389894396067e-04
-9.513468830846250057e-04
1.074756364687345922e-03
-1.228014200023608282e-03
2.426155941066099331e-03
-2.309446914296131581e-03
-2.757510716037359089e-03
3.266098501626402140e-04
1.783828423867817037e-03
-5.417578504420816898e-04
-5.467576629598625004e-04
2.643602099851705134e-03
1.982034882530570030e-04
3.579854383133351803e-04
-2.429025142919272358e-03
-2.596341108437627641e-03
1.907231139193754730e-03
-1.293712297047022643e-03
-6.634840508922934532e-03
-6.815597321838140835e-03
-7.863867445848882415e-04
8.536393288522958755e-04
-1.477103316574357342e-04
-1.877921450068242935e-03
1.452652865555137352e-03
5.008776148315519311e-04
1.914964870957192120e-03
-1.830906502436846451e-03
-2.554321906063705856e-03
2.080586599186062900e-03
-8.125127060338854519e-05
-1.800748903769999829e-03
-5.103243631310761409e-04
-4.705198248848319401e-03
-2.380303048994392157e-03
-4.223350910857941003e-03
-1.117744023051474951e-03
1.241806749021634459e-03
2.712593025838335500e-03
2.196754099309651195e-03
1.992949651644772367e-03
1.307333591588151879e-03
1.725473338973686297e-03
