0.000000000000000000e+00
0.000000000000000000e+00
0.000000000000000000e+00
0.000000000000000000e+00
0.000000000000000000e+00
0.000000000000000000e+00
0.000000000000000000e+00
-3.013820932207654790e-01
-3.156422156119316758e-01
-3.055005946944485684e-01
-2.908327867286015778e-01
-2.930163929866822503e-01
-3.133635199198510080e-01
-3.184454552799823035e-01
-3.086781547442457585e-01
-3.221750431159535744e-01
-3.100895249964004119e-01
-3.342424193606317595e-01
-3.258484463262222297e-01
-3.445271892806289760e-01
-3.285272894475839700e-01
-3.368641968218851757e-01
-3.061492181568565840e-01
-2.985472072637394003e-01
-3.092854286799031072e-01
-3.046366913208519156e-01
-3.034481171840671676e-01
-4.150170665209945153e-01
-5.131364302311077763e-01
-4.065568279383433570e-01
-6.024548946592328535e-01
-6.295288889843243529e-01
-5.246499051596043017e-01
-5.275560536891095165e-01
-5.138959991949485495e-01
-5.131984194739199756e-01
-6.093666104561631380e-01
-6.268451727510889748e-01
-6.396938609183794311e-01
-6.243704995062029361e-01
-6.334633490284796720e-01
-6.317318356725394324e-01
-6.013692644894073069e-01
-6.177970074973625492e-01
-6.154283202572414790e-01
-6.101583596730426606e-01
-5.974545317730219907e-01
-6.125832104848043524e-01
-6.225451802777804966e-01
-6.300771522976902350e-01
-6.277853408061665474e-01
-6.164292688531091136e-01
-6.413098242414287942e-01
-6.418479198866618995e-01
-6.217984305671877543e-01
-6.316373020092123092e-01
-6.304607518986127257e-01
-6.283818596726641337e-01
-6.195251819364880896e-01
-6.413218570594786394e-01
-6.426917831588085939e-01
-6.437916761391827558e-01
-6.602611666953105418e-01
-9.347479303270218587e-01
