0.000000000000000000e+00
0.000000000000000000e+00
0.000000000000000000e+00
0.000000000000000000e+00
0.000000000000000000e+00
0.000000000000000000e+00
0.000000000000000000e+00
1.109522272599861026e-04
5.093813233543187380e-04
4.028843541163951159e-04
5.287768784910440445e-03
5.157692125067114830e-03
5.507749505341053009e-03
2.202920732088387012e-04
1.073814928531646729e-06
-1.603225246071815491e-04
5.700940499082207680e-03
-3.384426934644579887e-03
-5.117576802149415016e-05
3.923942131223157048e-04
3.448829404078423977e-03
7.811943942215293646e-05
5.517079650113980265e-03
1.743454136885702610e-03
2.617076582585771766e-05
1.309408427914604545e-03
1.664645969867706299e-05
3.582214252674020827e-03
3.227982757380232215e-03
3.253729596811657295e-03
3.675710138243933663e-03
3.707074278887982025e-03
4.639109974959865212e-04
3.279321875500803337e-03
3.393336587275067821e-03
5.457871059964721112e-03
6.880145476316101849e-03
7.228097829890127272e-03
5.037111967491607160e-03
8.190883711601296482e-03
8.901593585809072437e-03
7.021682550354550571e-03
4.896813232335262001e-03
4.174673613306367770e-03
1.737582901114365086e-03
4.206966426863800734e-03
7.628217623278032988e-03
8.124051582854008302e-03
5.387778663134668022e-03
5.343989345419686288e-03
3.270906527177430689e-03
6.993011222220957279e-03
3.906102298060432076e-03
5.762293221778236330e-05
3.256011601479258388e-03
5.250078334938734770e-03
8.136364282108843327e-03
1.483541305060498460e-03
8.664114773273468365e-03
3.108757708105258752e-04
2.105754753574729139e-03
5.213820064091123987e-03
4.961372099933214833e-03
7.588770774115498156e-03
