0.000000000000000000e+00
0.000000000000000000e+00
0.000000000000000000e+00
0.000000000000000000e+00
0.000000000000000000e+00
0.000000000000000000e+00
0.000000000000000000e+00
-3.034930991291915348e-01
-3.332516155879589048e-01
-3.103909723226946360e-01
-3.288562466199329015e-01
-3.117556251679384216e-01
-3.219457141942017042e-01
-3.124764546354988348e-01
-2.969684334238415491e-01
-3.147269546792482720e-01
-3.140515554544377474e-01
-3.378603235939530158e-01
-3.217220465398874518e-01
-3.305891502526626113e-01
-3.293973513097387951e-01
-3.235174351224557876e-01
-3.161005607683066154e-01
-3.144314583179545486e-01
-3.278667465063470066e-01
-3.154256891269765495e-01
-3.056201606700580387e-01
-4.175425426826521735e-01
-5.074844337026999108e-01
-4.289227536778555394e-01
-6.191745139150367505e-01
-6.469665582843591167e-01
-5.174580786920026654e-01
-5.448111767704016950e-01
-5.381031249094522240e-01
-5.381202303993187774e-01
-6.331058732104489772e-01
-6.462653501141718548e-01
-6.327849735075149473e-01
-6.348762543677943793e-01
-6.364855322394873394e-01
-6.433830157837294728e-01
-6.158894536313328505e-01
-6.381916594028285150e-01
-6.256521496856093378e-01
-6.350276770779098579e-01
-6.379853483340485187e-01
-6.286398260050587439e-01
-6.404103103247993367e-01
-6.479166698773936028e-01
-6.366858171207629979e-01
-6.215414304822260982e-01
-6.357887410480423940e-01
-6.290065448494118749e-01
-6.229734463654731380e-01
-6.259441787334169005e-01
-6.339051550038692362e-01
-6.285228652302090602e-01
-6.317263715914702704e-01
-6.406240041298809640e-01
-6.396912328579050788e-01
-6.443345258186912172e-01
-6.429855474425049122e-01
-9.571624305675188182e-01
