0.000000000000000000e+00
0.000000000000000000e+00
0.000000000000000000e+00
0.000000000000000000e+00
0.000000000000000000e+00
0.000000000000000000e+00
0.000000000000000000e+00
3.308488521724939346e-05
7.417839151457883418e-05
-2.613061951706185937e-04
-5.171538214199244976e-05
5.557657459576148540e-05
-2.984559861943125725e-03
1.817816882976330817e-05
3.879045198118546978e-05
-1.574943526065908372e-04
-2.739360788837075233e-04
7.160950553952716291e-05
8.951153722591698170e-05
1.146567483374383301e-04
6.704993575112894177e-05
8.388291462324559689e-05
-9.803422617551404983e-04
-9.872697579946059215e-04
-1.281252310339671960e-04
7.433702315514285907e-05
-3.593226271429254137e-05
-5.476265020358065538e-05
4.951836550996328168e-05
2.585550949637157109e-05
-7.064542417841342137e-05
-9.135429111969035909e-05
-9.377830914066483125e-05
-6.865516237060849414e-05
9.271064603429598466e-07
-4.554809553762121521e-05
5.672411134582944214e-05
-8.936847443692386150e-04
-1.163146143274692125e-03
-9.773909914656542242e-04
-1.388170187662278064e-03
-2.943366724745525524e-03
4.205995719530619681e-05
-8.378112852369667962e-05
-1.520333044027211145e-04
-2.049496088147861883e-04
-3.698264140439277980e-05
-3.314077171125973109e-04
-1.758030212386074709e-03
-1.495252387940126937e-03
7.061691667331615463e-05
-2.553211220401863102e-04
-1.475357411209188285e-03
2.432667861285153776e-05
2.600764742055616807e-05
-1.424489464625366963e-04
-2.793517669488210231e-04
-9.656265683588571846e-05
-2.781967901682947048e-04
-4.259012857801281051e-05
1.130788230511825505e-04
1.161510583187919137e-04
-7.324456310016102818e-05
-5.321008150834433847e-05
