6.275560735957697034e-06
-3.253618706366978670e-06
-3.061101779167074710e-06
-2.280648568557808108e-05
4.203233065709355016e-05
6.781453157600480724e-06
-3.873415880661923269e-06
8.911584336601663042e-06
-1.127606010413728587e-05
-8.495074507663957097e-06
-3.111109253950416872e-06
3.162454268021974577e-05
1.018668008327949724e-05
-9.942062933987472884e-06
-4.611605800164397975e-06
3.349355029058642516e-06
-6.179531555972061882e-06
2.063633455691160702e-05
5.361383682611631399e-06
1.923879663081606986e-05
1.052482566592516310e-05
3.053852560697123324e-06
2.405888517387211238e-06
6.367008609231561422e-07
-4.022069697384722870e-06
-7.024954811640782282e-06
6.062470311007927764e-06
-3.079809084738371809e-06
-2.572032608441077308e-05
1.877029144452535480e-05
-1.520579317002557252e-05
-2.363119406254554498e-05
