0.000000000000000000e+00
0.000000000000000000e+00
0.000000000000000000e+00
0.000000000000000000e+00
0.000000000000000000e+00
0.000000000000000000e+00
-1.279236645737452313e-02
3.207297830285339713e-02
6.011545442569952991e-03
3.042226131335113576e-02
-4.047510987574019781e-03
6.651841530326842167e-02
4.926785809336298172e-02
1.102619876643780999e-02
2.204108843914866223e-02
5.354323442373851161e-02
1.153157595879988027e-02
-1.303376292970658511e-02
2.344994507038776401e-03
6.668353518030567528e-02
2.458572429391079825e-02
4.338258763143978958e-02
7.228449033212017150e-02
3.397882557237939111e-02
5.207990239962618367e-02
4.372372540297197324e-02
8.191987781291100446e-02
7.831397764533680472e-02
5.738362685922661355e-02
5.735598367677326170e-02
4.768359632735388876e-02
6.985182790190751223e-02
