0.000000000000000000e+00
0.000000000000000000e+00
0.000000000000000000e+00
0.000000000000000000e+00
0.000000000000000000e+00
0.000000000000000000e+00
0.000000000000000000e+00
0.000000000000000000e+00
-3.270848269914357065e-01
-3.330264565372964558e-01
-3.470204471080968744e-01
-3.083984025940901263e-01
-3.222434464355492523e-01
-3.348180177411061997e-01
-3.110310329018667330e-01
-3.231320440080011069e-01
-3.308557680076719132e-01
-3.099266597881402130e-01
-3.332158937020743283e-01
-3.319307770395645840e-01
-3.537647862701843726e-01
-3.384016239114805424e-01
-3.291447061866269452e-01
-3.344492531942545033e-01
-3.443287125934534898e-01
-3.472415207290144301e-01
-3.141093369531199331e-01
-3.273604900717430599e-01
-3.543058484519457929e-01
-3.341535469186892038e-01
-3.235594859814381330e-01
-3.269892551396986202e-01
-3.303742318934688726e-01
-3.218410251281040857e-01
-3.231831932408004149e-01
-3.309532666801457412e-01
-4.127561545161575474e-01
-4.224971267263255559e-01
-6.490600778464846732e-01
-5.541292897954099850e-01
-5.700945393484238011e-01
-5.808199486526858246e-01
-5.407650146720964779e-01
-5.454036374337681847e-01
-6.518668512476595289e-01
-6.463838424341248334e-01
-6.720137888532612402e-01
-6.471446235059269414e-01
-6.477229003659427109e-01
-5.471441993058366871e-01
-5.443259833292112271e-01
-5.474329393140684452e-01
-5.403651261440328701e-01
-5.378139288581224031e-01
-6.616603889454917287e-01
-6.514844432195037172e-01
-6.485316351501309029e-01
-6.483034580219270149e-01
-6.424755765290549592e-01
-6.662921757461925942e-01
-6.517740265593447990e-01
-6.661419511929281834e-01
-6.497833289957716252e-01
-6.477521420471359370e-01
-3.258901841858505288e-01
-5.703360062920603823e-01
-6.434891055463383136e-01
-6.567004675577727824e-01
-6.737566340550686927e-01
-5.665122576918115715e-01
-6.456958455120254126e-01
-6.566471621043882267e-01
-6.716585393463799791e-01
-6.286091206635254780e-01
-6.493742640021697987e-01
-6.602046601014200933e-01
-6.306035025430991592e-01
-6.477922096292747511e-01
-6.621729169616177302e-01
-5.711717671200059465e-01
-6.477458385034922106e-01
-6.558979348607607562e-01
-6.644763381979251760e-01
-6.553117214420289827e-01
-6.612444056420325733e-01
-6.675589669653895220e-01
-6.508607722064524426e-01
-6.515152160973263218e-01
-6.518979778824869342e-01
-6.613389282284271031e-01
-6.731472284600676925e-01
-6.846923965116471500e-01
-6.726651992752586962e-01
-6.783850591327860169e-01
-6.721322132174968322e-01
-6.489272011071226531e-01
-6.629368600792777677e-01
-6.677404519210889955e-01
-6.354606298860656644e-01
-6.418187563065443912e-01
-6.596468246523796708e-01
-6.510874056127325948e-01
-6.402869389004133271e-01
-6.519780529502183786e-01
-6.609555905724719960e-01
-6.776549480373936785e-01
-6.643878689429451034e-01
-6.470717706538142711e-01
-6.544068307089341285e-01
-6.618465573703787852e-01
-6.856233640268574181e-01
-6.736153922056569154e-01
-6.617093408042464819e-01
-6.497891210536628215e-01
-6.582897221693290168e-01
-6.681390005031510038e-01
-6.601129247218614493e-01
-6.507202809889163220e-01
-6.711187009116239555e-01
-6.630991056572862474e-01
-6.510158271180531697e-01
-6.486541183721284964e-01
-6.516548211589586748e-01
-6.545586934434893811e-01
-6.473390747378109378e-01
-6.695088833768707559e-01
-7.379395575574111410e-01
-9.609797189898036107e-01
