0.000000000000000000e+00
0.000000000000000000e+00
0.000000000000000000e+00
0.000000000000000000e+00
0.000000000000000000e+00
0.000000000000000000e+00
0.000000000000000000e+00
0.000000000000000000e+00
9.281461461796425283e-05
9.372238127980381250e-05
-2.091600908897817135e-04
1.349444719380699098e-04
-9.475741535425186157e-06
-1.254679118574131280e-04
3.485482739051803946e-05
-2.923337509855628014e-03
3.948840821976773441e-05
-1.632042287383228540e-03
1.376695290673524141e-04
5.035470894654281437e-05
5.217393299972172827e-05
7.147763790271710604e-05
1.152059012383688241e-04
-2.277654595673084259e-03
1.269220520043745637e-04
1.764970293152146041e-04
1.438340332242660224e-04
4.727651685243472457e-05
1.350603342871181667e-04
-3.666650930730005247e-06
-1.069041563217372872e-03
-4.994975315639749169e-04
5.922783505714809127e-05
-5.048075181548483670e-04
-4.562175017781555653e-04
7.779011745393897548e-05
1.127654989735068087e-04
6.977622130458864525e-05
1.598740503444181225e-04
6.625521806806015923e-05
-6.182587700701940015e-05
-7.981946934402610317e-05
9.567406232235953212e-05
-2.534916978523445445e-04
-6.316099813072165734e-04
-1.866848251665942371e-04
-7.122864578074464834e-04
-4.771264987842490095e-04
-3.089280313967416865e-04
6.320226142027725324e-05
1.187061922488889392e-04
6.063734084212531872e-05
-8.715393596503417939e-04
-9.141688988165697083e-04
-1.863458881416590884e-03
1.179912287625484169e-04
1.593729515055504825e-05
-8.330261904726891107e-04
1.205956577905453742e-04
-5.632768552459310740e-04
-4.879405387328006327e-04
-2.417408858794563905e-03
-4.456189756941360551e-04
-1.532165944809094071e-03
6.418929297069553286e-05
1.094439257940393873e-04
1.161053824034752324e-04
-2.582062243163818493e-04
-1.612803262105444446e-04
-2.127380448655458167e-04
-8.169650382114923559e-04
-1.960538766070385464e-04
6.954187483643181622e-07
-2.127357329300139099e-04
-7.798936130711808801e-04
-1.454742062378500123e-03
8.062919869189499877e-05
-2.122584149219619576e-03
1.029147624649340287e-04
-1.163697203082847409e-03
-2.050837256319937296e-04
1.880394265754148364e-04
1.097428184948512353e-04
-2.995689637828036211e-04
1.626148523428128101e-04
1.517236305517144501e-04
1.621573228476336226e-04
-5.621392901957733557e-04
1.639869333303067833e-04
-1.877110218629240990e-03
-4.108578395971562713e-04
1.534767279736115597e-04
-3.810341468124534003e-04
-2.965130070151644759e-04
6.850775389466434717e-05
-1.610044724657200277e-03
2.529428165871649981e-04
-2.435233236610656604e-04
2.435833812342025340e-04
-2.866141327103832737e-03
-4.642229105229489505e-04
-9.133352999924681864e-04
-8.307886979309842207e-04
1.862319943029433380e-04
1.641566821490414549e-04
-4.612249947967939187e-04
2.135200316843111014e-04
-1.440681102394592071e-04
-2.983981576107908040e-04
-1.783275945490458893e-03
2.106806517986115122e-04
-1.876245987659785897e-04
9.192336437990888953e-05
-7.168271258706226945e-04
1.928378464072011465e-04
-1.527665415778756250e-04
2.124683567672036697e-04
1.378696940567654741e-04
1.522340467393708708e-04
9.379910140220698534e-05
-4.540960938660039696e-04
3.637878166450213735e-05
-1.536664478610166396e-04
-3.544336638393967283e-04
-1.853579006920982235e-04
2.520516158660434281e-04
2.184072242622884250e-04
-1.395438074333859311e-03
