0.000000000000000000e+00
0.000000000000000000e+00
0.000000000000000000e+00
0.000000000000000000e+00
0.000000000000000000e+00
0.000000000000000000e+00
-3.387901040990758394e-01
-3.438709189656290466e-01
-3.272132256291065411e-01
-3.254201938207315625e-01
-3.162373034345437040e-01
-3.177356376310407349e-01
-3.450334032170941923e-01
-3.352577903330797859e-01
-3.346460350745061874e-01
-3.166247516868931910e-01
-3.354220102277024051e-01
-3.297912816907018763e-01
-3.283826776126432812e-01
-3.169244183492529454e-01
-5.633683070583074270e-01
-5.653584824319974889e-01
-5.598338732680279151e-01
-6.634106575941899342e-01
-6.625930344252165538e-01
-6.435983669766093263e-01
-6.718218121128920473e-01
-6.681847070257759258e-01
-6.517961889297795297e-01
-6.511433617446679145e-01
-6.387522941431255097e-01
-6.406170181948528386e-01
