0.000000000000000000e+00
0.000000000000000000e+00
0.000000000000000000e+00
0.000000000000000000e+00
0.000000000000000000e+00
0.000000000000000000e+00
1.542797544971108437e-04
-2.964552550110965967e-03
1.824664650484919548e-05
1.522720383945852518e-03
2.083405619487166405e-03
-5.036713118897750974e-04
2.518951660022139549e-03
1.551764027681201696e-03
1.531050715129822493e-03
4.879652755334973335e-03
9.844612504821270704e-04
1.293381695480396278e-03
2.006632857955992222e-03
4.609207389876246452e-04
1.521018294927974470e-03
8.443422266282141209e-04
-1.018521996835867636e-03
1.431996138611187465e-03
-6.907253215710321701e-04
2.959378083081295237e-03
-2.481339455698616803e-03
1.009639847325161099e-03
3.461799147771671414e-03
4.868527452345006168e-03
4.940480750519782305e-03
8.057178836315870632e-03
